Depth List: 
 1 2 3 4 5 6 7 8 9 10 11 10 9 8 9 10 11 12 13 14 15 16 17 18 19

Uniform Cost Time List: 


Uniform Cost Nodes Expanded List: 


Uniform Cost Frontier Max List: 


Misplaced Tile Time List: 
 0.000656127929688 0.000995874404907 0.00192999839783 0.00232601165771 0.00331592559814 0.00475192070007 0.00757908821106 0.00863909721375 0.0267851352692 0.0536110401154 0.0854098796844 0.0451018810272 0.0292282104492 0.019101858139 0.0311968326569 0.0467760562897 0.089469909668 0.234620094299 0.423925876617 0.662248849869 1.87793588638 3.79289007187 11.0017659664 18.5388820171 53.7389819622

Misplaced Tile Nodes Expanded List: 
 1 2 3 4 5 6 9 10 22 36 48 32 24 19 25 33 48 84 118 151 266 382 672 878 1509

Misplaced Tile Frontier Max List: 
 3 3 4 4 5 7 8 9 16 24 33 24 19 14 21 25 37 60 85 107 176 254 419 548 930

Manhattan Distance Time List: 
 0.000596046447754 0.00107288360596 0.00183010101318 0.0029890537262 0.00322103500366 0.00545501708984 0.00653481483459 0.00838303565979 0.00775694847107 0.0227100849152 0.0219011306763 0.0178389549255 0.0124390125275 0.010694026947 0.0127730369568 0.0134041309357 0.0148029327393 0.0505270957947 0.0498089790344 0.145941972733 0.228120088577 0.270499944687 0.51344203949 0.66516494751 1.12059211731

Manhattan Distance Nodes Expanded List: 
 1 2 3 4 5 6 8 9 9 19 19 17 13 12 13 14 15 34 33 63 85 93 131 150 202

Manhattan Distance Frontier Max List: 
 2 2 3 3 4 6 7 8 8 16 16 15 12 11 12 12 13 25 25 46 56 61 86 100 126

