  2.0000000e+000  2.8087338e+000  4.4382263e+000  4.5854127e+000  3.0726611e+000  3.5456655e+000  3.8957367e+000  4.0428317e+000  3.9561329e+000  1.5040655e+000  4.8461349e+000
  2.0000000e+000  2.1498805e+000  3.5440722e+000  3.6427676e+000  4.7402112e+000  2.6432363e+000  3.1090277e+000  3.9911855e+000  2.7757194e+000  2.0843381e+000  2.4770986e+000
  2.0000000e+000  3.9457048e+000  2.0538379e+000  4.1564794e+000  2.1864567e+000  3.2382284e+000  3.6446434e+000  2.0365845e+000  4.3353903e+000  3.1103035e+000  1.9122718e+000
  2.0000000e+000  2.2604394e+000  1.0098398e+000  3.8989482e+000  3.4400976e+000  1.5651253e+000  3.2442988e+000  2.3137407e+000  4.2674628e+000  3.0007149e+000  9.4724050e-001
  2.0000000e+000  2.8825526e+000  1.9212801e+000  3.3103071e+000  3.8653233e+000  1.3674270e+000  3.4989167e+000  3.8540984e+000  2.0036722e+000  2.8794475e+000  1.9086881e+000
  2.0000000e+000  2.4398938e+000  4.1220203e+000  3.6269276e+000  4.2422124e+000  4.0924181e+000  4.1550300e+000  4.4907461e+000  2.3244406e+000  3.0327706e+000  2.0933734e+000
  2.0000000e+000  2.4472833e+000  2.8575974e+000  3.0595380e+000  3.1961832e+000  1.8884832e+000  1.8941307e+000  3.1460430e+000  3.7247430e+000  2.3051762e+000  1.4701945e+000
  2.0000000e+000  3.8755767e+000  1.5437554e+000  3.3127793e+000  2.0076134e+000  3.1480706e+000  1.4124221e+000  2.9011500e+000  2.4299792e+000  2.9210251e+000  1.5283550e+000
  1.0000000e+000  5.3030886e+000  1.6036466e+000  1.8171733e+000  2.0905365e+000  2.4611124e+000  4.2854766e+000  2.3755883e+000  3.2059636e+000  1.7893491e+000  2.5975314e+000
  1.0000000e+000  1.4642542e+000  1.4474647e+000  3.5351291e+000  4.7353597e+000  3.5360309e+000  2.2988795e+000  2.8894035e+000  3.0835638e+000  2.8847275e+000  3.0473351e+000
  1.0000000e+000  3.9951513e+000  3.5930127e+000  2.7244142e+000  2.2368123e+000  2.3267307e+000  2.4768614e+000  2.8106406e+000  3.2493051e+000  2.6357416e+000  1.1869561e+000
  2.0000000e+000  3.8171565e+000  2.9966134e+000  2.0774659e+000  3.9877962e+000  4.3111774e+000  2.2177390e+000  7.0796799e-001  2.7970315e+000  3.5302506e+000  3.0739032e+000
  2.0000000e+000  2.3881567e+000  2.8581629e+000  2.7024221e+000  3.3625636e+000  2.6565201e+000  2.8851989e+000  3.0558656e+000  1.2205276e+000  4.5118406e+000  3.4914552e+000
  2.0000000e+000  3.7120196e+000  2.0350218e+000  4.9220240e+000  3.5945710e+000  3.2054053e+000  2.4469610e+000  3.7396755e+000  1.4117179e+000  4.3569540e+000  2.9490428e+000
  2.0000000e+000  4.2197495e+000  1.3579039e+000  1.4828422e+000  1.7935165e+000  1.8498694e+000  1.8306012e+000  2.3449162e+000  2.8174566e+000  1.6453407e+000  2.2271709e+000
  2.0000000e+000  4.4449859e+000  2.9199512e+000  2.2075847e+000  3.6750373e+000  4.0311950e+000  2.6472135e+000  4.0954234e+000  2.5917686e+000  2.5619674e+000  3.3418397e+000
  2.0000000e+000  2.5211857e+000  1.7763658e+000  3.1598494e+000  1.6352523e+000  2.9382048e+000  3.5452315e+000  3.2312867e+000  4.3197835e+000  2.4263340e+000  2.8698490e+000
  2.0000000e+000  4.2569394e-001  2.6728014e+000  1.3444161e+000  4.2079071e+000  2.6946445e+000  1.8199593e+000  2.7427451e+000  4.4721320e+000  3.6717816e+000  4.8811218e+000
  2.0000000e+000  2.7419460e+000  3.3894051e+000  2.3932482e+000  3.1082914e+000  2.9999465e+000  2.2135481e+000  4.3110341e+000  4.1680659e+000  3.4890335e+000  2.2950992e+000
  1.0000000e+000  3.5973303e+000  3.0722045e+000  1.8499070e+000  3.9345250e+000  2.1416322e+000  3.3438068e+000  2.5016208e+000  3.2798523e+000  3.5850991e+000  2.5112379e+000
  2.0000000e+000  2.5987981e+000  1.9294284e+000  4.1461608e+000  2.6548187e+000  4.8693949e+000  3.3414108e+000  2.3083405e+000  2.3252808e+000  1.8158298e+000  1.5803218e+000
  2.0000000e+000  8.1856742e-001  4.3193003e+000  2.1134682e+000  9.1155831e-001  4.2271753e+000  3.0417633e+000  2.7284517e+000  3.1962007e+000  3.6134137e+000  4.2045690e+000
  1.0000000e+000  3.9083141e+000  4.0968172e+000  1.1078311e+000  2.5446370e+000  2.8256554e+000  5.1716880e+000  2.6910399e+000  3.5292705e+000  2.4252176e+000  3.0920226e+000
  2.0000000e+000  1.4460105e+000  1.9236115e+000  2.9829978e+000  4.5572666e+000  4.6026663e+000  1.9655371e+000  3.1894909e+000  1.6781288e+000  3.4785141e+000  1.9218459e+000
  2.0000000e+000  2.7725994e+000  3.7113125e+000  3.8745032e+000  1.9704957e+000  1.6373580e+000  1.3963411e+000  3.9538171e+000  3.7252409e+000  3.2464683e+000  3.0005822e+000
  2.0000000e+000  1.5351466e+000  3.3972260e+000  3.8108981e+000  2.1199785e+000  4.5450316e+000  1.5610192e+000  4.5247451e+000  3.1345065e+000  3.2859001e+000  3.2796511e+000
  2.0000000e+000  1.4961798e+000  3.2335302e+000  4.4216714e+000  2.8652981e+000  2.4766287e+000  3.4964622e+000  3.4355128e+000  4.0092478e+000  3.7871231e+000  3.7307661e+000
  1.0000000e+000  4.2665004e+000  2.9626572e+000  2.8314297e+000  3.2545401e+000  3.5257851e+000  2.1636503e+000  2.4689136e+000  3.7900550e+000  3.0683616e+000  2.0319515e+000
  1.0000000e+000  2.8641812e+000  3.4190315e+000  2.3419095e+000  2.5007108e+000  2.6728446e+000  3.4827104e+000  2.8663231e+000  3.3531786e+000  2.3344019e+000  4.8981046e+000
  1.0000000e+000  3.0395349e+000  3.2093505e+000  3.1439893e+000  3.5810898e+000  2.4265914e+000  2.5881592e+000  1.7316148e+000  3.4432015e+000  1.7329599e+000  1.6285329e+000
  2.0000000e+000  3.0703731e+000  3.3134689e+000  3.0409219e+000  1.8295347e+000  2.3000989e+000  3.8598693e+000  1.7546201e+000  1.2261746e+000  3.0423938e+000  4.3648868e+000
  1.0000000e+000  3.5441922e+000  4.8222758e+000  3.8497727e+000  3.4791741e+000  2.9412824e+000  3.3185637e+000  4.1327034e+000  3.4602243e+000  4.0190796e+000  3.7516050e+000
  2.0000000e+000  2.7006711e+000  4.2742472e+000  2.6696104e+000  1.9839380e+000  2.5630795e+000  2.4333362e+000  2.7824067e+000  1.9388062e+000  2.3910415e+000  3.3928172e+000
  2.0000000e+000  2.2905338e+000  1.8836083e+000  2.4599801e+000  3.5092935e+000  3.7834229e+000  3.7596202e+000  3.4369065e+000  4.1974736e+000  2.8494497e+000  3.9965517e+000
  2.0000000e+000  2.3972330e+000  2.2789795e+000  3.3459472e+000  2.0357690e+000  4.0404954e+000  3.4305402e+000  2.1947899e+000  3.2545972e+000  3.3413355e+000  3.9992445e+000
  2.0000000e+000  3.1647258e+000  4.7028119e+000  1.6803233e+000  2.2781665e+000  1.6855000e+000  3.5179999e+000  4.7166154e+000  3.0377759e+000  2.8657227e+000  1.4364090e+000
  1.0000000e+000  2.5157235e+000  2.5673849e+000  3.7386586e+000  4.2505747e+000  2.7047690e+000  3.6477168e+000  5.5786198e-001  3.4622902e+000  3.2658827e+000  2.6269061e+000
  2.0000000e+000  1.9574378e+000  3.1126561e+000  2.4461277e+000  3.3459101e+000  3.6662816e+000  3.0680121e+000  3.4364778e+000  2.4224859e+000  2.7030763e+000  3.1284712e+000
  1.0000000e+000  3.1958576e+000  1.4453538e+000  2.1540043e+000  3.2374832e+000  2.9193768e+000  2.5543896e+000  1.5308366e+000  3.4055710e+000  4.0401169e+000  3.0478566e+000
  1.0000000e+000  4.7093775e+000  3.3833028e+000  3.3549696e+000  3.4892214e+000  3.3628085e+000  3.3979450e+000  3.1901258e+000  3.1195325e+000  2.7006338e+000  3.8844158e+000
  2.0000000e+000  3.1637970e+000  2.7636040e+000  1.9658031e+000  3.6893471e+000  1.2765291e+000  3.2658324e+000  1.4351423e+000  4.1257897e+000  5.2722961e+000  4.5724101e+000
  2.0000000e+000  3.3346909e+000  2.4903142e+000  4.9815388e+000  3.2999421e+000  2.5756886e+000  3.3012320e+000  5.3391145e+000  2.7782365e+000  1.8248783e+000  3.9161698e+000
  2.0000000e+000  3.7273954e+000  2.0755635e+000  1.7955719e+000  1.8991565e+000  2.6507364e+000  2.5171864e+000  1.7399039e+000  2.3307050e+000  2.1897835e+000  2.1178203e+000
  1.0000000e+000  1.9364796e+000  1.9394980e+000  2.8720924e+000  3.7955291e+000  3.5507358e+000  2.9009221e+000  2.6053753e+000  3.3285189e+000  2.2781073e+000  2.7165046e+000
  2.0000000e+000 -8.0765651e-001  3.0969230e+000  3.3401492e+000  1.1634499e+000  1.7867286e+000  3.4894185e+000  3.1721115e+000  3.6755641e+000  8.4930321e-001  3.9746131e+000
  2.0000000e+000  4.7587187e+000  3.5000475e+000  2.9257808e+000  2.9456637e+000  4.0496583e+000  3.7452678e+000  3.0385863e+000  3.0554203e+000  1.9733066e+000  3.5170050e+000
  1.0000000e+000  3.8832885e+000  2.7632228e+000  2.9370159e+000  2.5269890e+000  3.8313902e+000  1.9125499e+000  2.9241502e+000  3.1031510e+000  2.7937782e+000  1.4842612e+000
  2.0000000e+000  3.4301288e+000  3.1913654e+000  2.3641249e+000  3.6528693e+000  1.2052576e+000  2.8185552e+000  4.4423067e+000  3.6741454e+000  1.2113958e+000  1.1296086e+000
  2.0000000e+000  4.2245815e+000  4.4969361e+000  2.4228170e+000  2.9112090e+000  4.6536311e+000  3.8633752e+000  8.9626078e-001  2.3977107e+000  3.5357594e+000  1.3505241e+000
  2.0000000e+000  2.7524591e+000  3.2973387e+000  2.7501923e+000  1.5470346e+000  2.9969583e+000  2.3258245e+000  2.2538418e+000  3.7052272e+000  2.2535687e+000  9.1599392e-001
  2.0000000e+000  2.8174197e+000  3.8777668e+000  2.2519303e+000  3.6965807e+000  1.9536937e+000  4.6365044e+000  3.5330935e+000  4.3790726e+000  1.5638479e+000  2.6082485e+000
  2.0000000e+000  2.7443852e+000  2.0074632e+000  2.9600496e+000  3.0095084e+000  2.2409407e+000  3.8856055e+000  3.1517953e+000  4.4768697e+000  2.1958593e+000  3.7028766e+000
  2.0000000e+000  3.6463415e+000  3.4257427e+000  4.6111104e+000  1.8557465e+000  8.8792590e-001  1.5654118e+000  3.0712413e+000  2.3058762e+000  2.9977670e+000  3.2657150e+000
  2.0000000e+000  2.5193919e+000  2.4862363e+000  4.3804667e+000  4.0058629e+000  1.5013003e+000  2.7276961e+000  2.4530569e+000  2.1936824e+000  4.0254530e+000  1.6852385e+000
  2.0000000e+000  1.9218331e+000  4.6698318e+000  2.2870351e+000  4.2636106e+000  3.9253037e+000  4.0297327e+000  3.9626524e+000  1.8801194e+000  4.4335764e+000  3.2851371e+000
  2.0000000e+000  3.1102604e+000  2.8572273e+000  1.0790296e+000  4.3406404e+000  4.4054243e+000  3.0984086e+000  1.4784409e-001  3.0937021e+000  2.7189179e+000  2.5693640e+000
  2.0000000e+000  4.2473107e+000  3.5574102e+000  1.9892578e+000  3.6041220e+000  2.1879749e+000  2.2075615e+000  3.0274725e+000  2.3230261e+000  1.9633643e+000  3.7257684e+000
  2.0000000e+000  3.6219259e+000  1.3098020e+000  2.2742561e+000  4.7010965e+000  1.9208631e+000  3.9748392e+000  3.7384263e+000  2.7959467e+000  4.2393820e+000  3.0890804e+000
  2.0000000e+000  3.0504734e+000  2.5095492e+000  2.4036435e+000  2.9445787e+000  2.4568547e+000  6.3057389e+000  4.3857512e+000  1.4189813e+000  1.8292354e+000  1.2380658e+000
  2.0000000e+000  3.0974286e+000  3.4684761e+000  2.0540505e+000  3.3739160e+000  2.0581229e+000  3.8321599e+000  2.1147283e+000  2.0362707e+000  3.2761202e+000  3.3779138e+000
  2.0000000e+000  3.1246095e+000  2.0263906e+000  1.6445178e+000  1.9838830e+000  1.8336271e+000  3.4651537e+000  3.5884537e+000  5.2332581e+000  3.4454427e+000  3.3357841e+000
  2.0000000e+000  3.3121011e+000  1.9478258e+000  4.2139167e+000  5.4959979e+000  3.4393013e+000  3.0789221e+000  2.5947703e+000  2.1353344e+000  2.5941932e+000  1.4730205e+000
  2.0000000e+000  3.0495990e+000  2.6468473e+000  3.3243060e+000  1.5676881e+000  3.4924894e+000  2.3962827e+000  2.7613987e+000  2.8544701e+000  3.8527573e+000  3.3272121e+000
  2.0000000e+000  3.6293407e+000  1.6733024e+000  5.0884694e+000  3.7353401e+000  2.6437594e+000  4.0345906e+000  3.8357661e+000  2.9230461e+000  2.8248564e+000  3.7525888e+000
  2.0000000e+000  4.6258403e+000  3.8850345e+000  5.2580855e+000  2.9868974e+000  3.6256668e+000  2.6705993e+000  2.0020708e+000  2.0660734e+000  2.9171979e+000  1.4939147e+000
  1.0000000e+000  4.9237999e+000  1.9869638e+000  4.5936528e+000  3.6018727e+000  3.1849550e+000  4.6314051e+000  2.6312930e+000  3.5597624e+000  6.5863191e-001  3.4116981e+000
  2.0000000e+000  2.8259242e+000  2.4038700e+000  1.7077489e+000  2.7603612e+000  2.4310631e+000  3.6861094e+000  2.3580124e+000  2.6475539e+000  2.4805283e+000  3.5382878e+000
  1.0000000e+000  2.2823996e+000  4.2472810e+000  2.9500086e+000  4.1709569e+000  3.9218756e+000  2.9929573e+000  2.6702761e+000  3.3758683e+000  2.3392682e+000  3.5589894e+000
  2.0000000e+000  2.5740406e+000  2.2570885e+000  3.5129332e+000  3.4773576e+000  2.2355913e+000  2.2257278e+000  1.6546173e+000  2.5767304e+000  3.8931361e+000  4.6012494e+000
  2.0000000e+000  3.3758613e+000  4.4933716e+000  2.7178617e+000  2.9440271e+000  2.2134962e+000  4.4767534e+000  1.8973253e+000  1.9512950e+000  3.3710910e+000  3.8408173e+000
  1.0000000e+000  4.3943189e+000  1.5513437e+000  5.0607893e+000  2.5842525e+000  2.0413920e+000  2.8647326e+000  2.3765039e+000  3.0509424e+000  2.3206689e+000  3.7959450e+000
  2.0000000e+000  3.0176978e+000  3.9125166e+000  3.6754417e+000  3.9642602e+000  5.2672804e+000  4.7514680e+000  2.9824266e+000  2.6921391e+000 -2.4594295e-001  2.6762406e+000
  2.0000000e+000  2.5242382e+000  3.0745403e+000  3.3788868e+000  3.1558166e+000  4.2931130e+000  4.0348367e+000  2.5596107e+000  2.8744337e+000  2.2353344e+000  4.7969349e+000
  2.0000000e+000  3.0622729e+000  2.2549219e+000  1.2063876e+000  3.6901648e+000  4.5864993e+000  3.1402967e+000  4.2566867e+000  3.7554139e+000  2.8819439e+000  4.4867593e+000
  1.0000000e+000  5.0143471e+000  8.9058306e-001  3.0633744e+000  1.5776531e+000  3.3379550e+000  3.3940546e+000  2.2823445e+000  3.8808326e+000  5.7755110e-001  3.0931516e+000
  2.0000000e+000  3.0738049e+000  2.1629198e+000  2.8315467e+000  2.6447523e+000  2.0939239e+000  4.1660034e+000  2.7389113e+000  3.8451950e+000  4.2959676e+000  1.9505949e+000
  1.0000000e+000  2.7497146e+000  4.9398454e+000  3.9805030e+000  4.1729757e+000  3.0067879e+000  1.3803505e+000  1.9348932e+000  3.2221672e+000  1.7179570e+000  3.9677052e+000
  2.0000000e+000  2.4010522e+000  4.4255403e+000  2.6269534e+000  5.2096262e+000  1.6237552e+000  8.8110666e-001  2.9436964e+000  3.1376825e+000  3.7113780e+000  3.7975241e+000
  2.0000000e+000  3.0210588e+000  3.6316093e+000  2.8762845e+000  3.8168651e+000  3.7574300e+000  3.0938980e+000  3.1281309e+000  2.8299065e+000  3.2125619e+000  2.2403346e+000
  2.0000000e+000  4.4009785e+000  3.7693825e+000  4.1529032e+000  2.2076338e+000  2.0157305e+000  3.5551117e+000  3.6678862e+000  3.4346878e+000  5.0475771e+000  3.9634539e+000
  2.0000000e+000  1.4647113e+000  3.8173518e+000  3.7935842e+000  2.4510376e+000  4.5484657e+000  2.0103987e+000  3.7086627e+000  2.3791370e+000  2.6614563e+000  2.6983797e+000
  1.0000000e+000  4.1304141e+000  2.2502725e+000  3.5888579e+000  3.1632296e+000  3.4791637e+000  3.4489284e+000  3.0043681e+000  3.2569478e+000  2.0518572e+000  3.8571102e+000
  2.0000000e+000  1.3795517e+000  3.2811590e-001  2.7409718e+000  3.8309457e+000  2.4732344e+000  4.7494011e+000  2.4117856e+000  2.3773408e+000  2.3510191e+000  2.7061624e+000
  2.0000000e+000  1.8678214e+000  1.4991350e+000  1.2858676e+000  2.2661357e+000  2.0846131e+000  3.4409685e+000  2.8631029e+000  5.4888577e+000  1.8229212e+000  2.8186414e+000
  2.0000000e+000  1.5270984e+000  3.2312546e+000  1.9398035e+000  2.5405262e+000  4.6767333e+000  2.4331177e+000  2.8562917e+000  1.9234779e+000  4.9356384e+000  4.7925990e+000
  2.0000000e+000  3.4787035e+000  2.7514162e+000  4.1100336e+000  2.0178052e+000  1.3420863e+000  1.9109325e+000  3.2077398e+000  4.2416125e+000  3.4814760e+000  2.5339663e+000
  1.0000000e+000  1.9365860e+000  4.7662804e+000  2.9502223e+000  2.3106397e+000  2.5946246e+000  2.0929131e+000  4.2477861e+000  3.5638856e+000  4.6157494e+000  3.2317270e+000
  2.0000000e+000  3.8041542e+000  3.8169409e+000  2.5357849e+000  3.5397960e+000  4.1903570e+000  2.9450951e+000  1.6863747e+000  3.4323827e+000  3.5494748e+000  2.2468186e+000
  1.0000000e+000  2.3465523e+000  7.5472794e-001  3.1143669e+000  4.3668312e+000  2.4524513e+000  1.9056924e+000  2.9590132e+000  3.2469796e+000  3.1664833e+000  1.7358107e+000
  2.0000000e+000  2.7307222e+000  2.5881509e+000  3.6469357e+000  3.2179718e+000  1.6101752e+000  3.4976130e+000  2.6287847e+000  1.4762562e+000  1.8084804e+000  2.1952128e+000
  2.0000000e+000  2.5875630e+000  1.8923328e+000  4.2745967e+000  1.8081793e+000  1.4010852e+000  1.5891737e+000  2.1783428e+000  2.9304469e+000  4.3602747e+000  4.2910189e+000
  1.0000000e+000  2.2872730e+000  2.4077546e+000  7.7016276e-001  2.0787161e+000  3.1217774e+000  4.0405579e+000  3.8343101e+000  3.8712470e+000  4.4490189e+000  2.7477619e+000
  2.0000000e+000  3.9794240e+000  2.1557110e+000  1.8562996e+000  2.6904585e+000  3.2468528e+000  1.9898684e+000  3.6960550e+000  2.1250127e+000  2.2188464e+000  2.5098786e+000
  2.0000000e+000  3.6880747e+000  5.6949975e-001  3.9427152e+000  2.3304684e+000  2.3100839e+000  4.0327967e+000  2.3836450e+000  4.5915866e+000  3.7885761e+000  4.3714398e+000
  1.0000000e+000  3.9341364e+000  3.4747982e+000  3.1283006e+000  3.0215661e+000  3.7421764e+000  3.5864338e+000  3.2102719e+000  3.0782063e+000  4.1050533e+000  2.3266957e+000
  2.0000000e+000  2.8128124e+000  1.8615863e+000  3.3978315e+000  4.2932918e+000  2.2075379e+000  2.5657223e+000  4.0380307e+000  1.7016103e+000  3.2497084e+000  1.4159153e+000
  2.0000000e+000  2.1379082e+000  4.2464551e+000  2.0938479e+000  2.3293574e+000  2.5226562e+000  3.3297620e+000  4.7503231e+000  5.0731831e+000  1.2305986e+000  2.7044238e+000
  2.0000000e+000  3.2424729e+000  2.0377598e+000  1.1930265e+000  1.7933910e+000  4.4245072e+000  3.0832519e+000  4.1926376e+000  2.7653815e+000  2.8799714e+000  3.6101874e+000
  2.0000000e+000  2.6089172e+000  2.6101113e+000  2.5732335e+000  3.4957911e+000  1.8100713e+000  3.7062552e+000  3.0504214e+000  1.1013881e+000  4.6647061e+000  3.2522463e+000
  2.0000000e+000  3.4067637e+000  1.1217539e+000  3.2015847e+000  3.7039966e+000  4.2513075e+000  1.5503891e+000  1.8677330e+000  2.3021366e+000  1.9986694e+000  3.4459891e+000
